 21.90195983
 24.45703930
 27.29853370
 30.45413081
 33.95293461
 37.82520919
 42.10203612
 46.81488151
 51.99507473
 57.67320783
 63.87847271
 70.63796139
 77.97596210
 85.91328897
 94.46668489
103.64833485
113.46552036
123.92043548
135.01017250
146.72687235
159.05802283
171.98687896
185.49297370
199.55268550
214.13983063
229.22625169
244.78237954
260.77775146
277.18147463
293.96262881
311.09060694
328.53539497
346.26779524
364.25959847
382.48371068
400.91424113
419.52655749
438.29731399
457.20445753
476.22721632
495.34607513
514.54274010
533.80009628
553.10215980
572.43402674
591.78182010
611.13263601
630.47449012
649.79626482
669.08765781
688.33913244
