 23.02256729
 25.74875483
 28.76940985
 32.10918511
 35.79336826
 39.84763711
 44.29777775
 49.16936929
 54.48744059
 60.27610637
 66.55819141
 73.35485295
 80.68521242
 88.56600779
 97.01127801
106.03208990
115.63631705
125.82847797
136.60963899
147.97738461
159.92585565
172.44585271
185.52500036
199.14796522
213.29671944
227.95084018
243.08783469
258.68348091
274.71217355
291.14726648
307.96140347
325.12683036
342.61568345
360.40025009
378.45319900
396.74777915
415.25798697
433.95870290
452.82579870
471.83621790
490.96803165
510.20047302
529.51395233
548.89005640
568.31153450
587.76227333
607.22726336
626.69255870
646.14523206
665.57332649
684.96580513
