 21.90362783
 24.45893306
 27.30066788
 30.45651881
 33.95558793
 37.82813675
 42.10524351
 46.81837026
 51.99884164
 57.67724443
 63.88276490
 70.64248938
 77.98070058
 85.91820765
 94.47174932
103.65350751
113.47076189
123.92570601
135.01543296
146.73208562
159.06315476
171.99189909
185.49785575
199.55740762
214.14437538
229.23060592
244.78653403
260.78170058
277.18521586
293.96616231
311.09393507
328.53852189
346.27072651
364.26234072
382.48627131
400.91662804
419.52877892
438.29937831
457.20637310
476.22899142
495.34771785
514.54425829
533.80149749
553.10345127
572.43521538
591.78291247
611.13363832
630.47540824
649.79710428
669.08842380
688.33982986
