 21.89925895
 24.45697333
 27.30275745
 30.46293972
 33.96496506
 37.84272457
 42.12652654
 46.84551204
 52.03347069
 57.71937994
 63.93184721
 70.69845074
 78.04344217
 85.98777880
 94.54882710
103.73843330
113.56274994
124.02633079
135.12456415
146.84831952
159.18542714
172.12055912
185.63159395
199.69593826
214.28754313
229.38030068
244.94326962
260.94568623
277.35523851
294.14127453
311.27305763
328.72078648
346.45517007
364.45029744
382.67668823
401.10785229
419.72094633
438.49260931
457.40089935
476.42412940
495.54252391
514.73895472
533.99682850
553.29971522
572.63280649
591.98104411
611.33236475
630.67433510
649.99644173
669.28914696
688.54189294
